Date,2.5 percentile,5.0 percentile,10.0 percentile,15.0 percentile,20.0 percentile,25.0 percentile,30.0 percentile,35.0 percentile,40.0 percentile,45.0 percentile,50.0 percentile,55.0 percentile,60.0 percentile,65.0 percentile,70.0 percentile,75.0 percentile,80.0 percentile,85.0 percentile,90.0 percentile,95.0 percentile,97.5 percentile,ConfirmedCases
2020-01-22,0.0,0.0,0.0,0.0,0.0,0.0,0.0,0.0,0.0,0.0,0.0,0.0,0.0,0.0,0.0,0.0,0.0,0.0,0.0,0.0,0.0,0.0
2020-01-23,0.0,0.0,0.0,0.0,0.0,0.0,0.0,0.0,0.0,0.0,0.0,0.0,0.0,0.0,0.0,0.0,0.0,0.0,0.0,0.0,0.0,0.0
2020-01-24,0.0,0.0,0.0,0.0,0.0,0.0,0.0,0.0,0.0,0.0,0.0,0.0,0.0,0.0,0.0,0.0,0.0,0.0,0.0,0.0,0.0,0.0
2020-01-25,0.0,0.0,0.0,0.0,0.0,0.0,0.0,0.0,0.0,0.0,0.0,0.0,0.0,0.0,0.0,0.0,0.0,0.0,0.0,0.0,0.0,0.0
2020-01-26,0.0,0.0,0.0,0.0,0.0,0.0,0.0,0.0,0.0,0.0,0.0,0.0,0.0,0.0,0.0,0.0,0.0,0.0,0.0,0.0,0.0,0.0
2020-01-27,0.0,0.0,0.0,0.0,0.0,0.0,0.0,0.0,0.0,0.0,0.0,0.0,0.0,0.0,0.0,0.0,0.0,0.0,0.0,0.0,0.0,0.0
2020-01-28,0.0,0.0,0.0,0.0,0.0,0.0,0.0,0.0,0.0,0.0,0.0,0.0,0.0,0.0,0.0,0.0,0.0,0.0,0.0,0.0,0.0,0.0
2020-01-29,0.0,0.0,0.0,0.0,0.0,0.0,0.0,0.0,0.0,0.0,0.0,0.0,0.0,0.0,0.0,0.0,0.0,0.0,0.0,0.0,0.0,0.0
2020-01-30,0.0,0.0,0.0,0.0,0.0,0.0,0.0,0.0,0.0,0.0,0.0,0.0,0.0,0.0,0.0,0.0,0.0,0.0,0.0,0.0,0.0,0.0
2020-01-31,0.0,0.0,0.0,0.0,0.0,0.0,0.0,0.0,0.0,0.0,0.0,0.0,0.0,0.0,0.0,0.0,0.0,0.0,0.0,0.0,0.0,0.0
2020-02-01,0.0,0.0,0.0,0.0,0.0,0.0,0.0,0.0,0.0,0.0,0.0,0.0,0.0,0.0,0.0,0.0,0.0,0.0,0.0,0.0,0.0,0.0
2020-02-02,0.0,0.0,0.0,0.0,0.0,0.0,0.0,0.0,0.0,0.0,0.0,0.0,0.0,0.0,0.0,0.0,0.0,0.0,0.0,0.0,0.0,0.0
2020-02-03,0.0,0.0,0.0,0.0,0.0,0.0,0.0,0.0,0.0,0.0,0.0,0.0,0.0,0.0,0.0,0.0,0.0,0.0,0.0,0.0,0.0,0.0
2020-02-04,0.0,0.0,0.0,0.0,0.0,0.0,0.0,0.0,0.0,0.0,0.0,0.0,0.0,0.0,0.0,0.0,0.0,0.0,0.0,0.0,0.0,0.0
2020-02-05,0.0,0.0,0.0,0.0,0.0,0.0,0.0,0.0,0.0,0.0,0.0,0.0,0.0,0.0,0.0,0.0,0.0,0.0,0.0,0.0,0.0,0.0
2020-02-06,0.0,0.0,0.0,0.0,0.0,0.0,0.0,0.0,0.0,0.0,0.0,0.0,0.0,0.0,0.0,0.0,0.0,0.0,0.0,0.0,0.0,0.0
2020-02-07,0.0,0.0,0.0,0.0,0.0,0.0,0.0,0.0,0.0,0.0,0.0,0.0,0.0,0.0,0.0,0.0,0.0,0.0,0.0,0.0,0.0,0.0
2020-02-08,0.0,0.0,0.0,0.0,0.0,0.0,0.0,0.0,0.0,0.0,0.0,0.0,0.0,0.0,0.0,0.0,0.0,0.0,0.0,0.0,0.0,0.0
2020-02-09,0.0,0.0,0.0,0.0,0.0,0.0,0.0,0.0,0.0,0.0,0.0,0.0,0.0,0.0,0.0,0.0,0.0,0.0,0.0,0.0,0.0,0.0
2020-02-10,0.0,0.0,0.0,0.0,0.0,0.0,0.0,0.0,0.0,0.0,0.0,0.0,0.0,0.0,0.0,0.0,0.0,0.0,0.0,0.0,0.0,0.0
2020-02-11,0.0,0.0,0.0,0.0,0.0,0.0,0.0,0.0,0.0,0.0,0.0,0.0,0.0,0.0,0.0,0.0,0.0,0.0,0.0,0.0,0.0,0.0
2020-02-12,0.0,0.0,0.0,0.0,0.0,0.0,0.0,0.0,0.0,0.0,0.0,0.0,0.0,0.0,0.0,0.0,0.0,0.0,0.0,0.0,0.0,0.0
2020-02-13,0.0,0.0,0.0,0.0,0.0,0.0,0.0,0.0,0.0,0.0,0.0,0.0,0.0,0.0,0.0,0.0,0.0,0.0,0.0,0.0,0.0,0.0
2020-02-14,0.0,0.0,0.0,0.0,0.0,0.0,0.0,0.0,0.0,0.0,0.0,0.0,0.0,0.0,0.0,0.0,0.0,0.0,0.0,0.0,0.0,0.0
2020-02-15,0.0,0.0,0.0,0.0,0.0,0.0,0.0,0.0,0.0,0.0,0.0,0.0,0.0,0.0,0.0,0.0,0.0,0.0,0.0,0.0,0.0,0.0
2020-02-16,0.0,0.0,0.0,0.0,0.0,0.0,0.0,0.0,0.0,0.0,0.0,0.0,0.0,0.0,0.0,0.0,0.0,0.0,0.0,0.0,0.0,0.0
2020-02-17,0.0,0.0,0.0,0.0,0.0,0.0,0.0,0.0,0.0,0.0,0.0,0.0,0.0,0.0,0.0,0.0,0.0,0.0,0.0,0.0,0.0,0.0
2020-02-18,0.0,0.0,0.0,0.0,0.0,0.0,0.0,0.0,0.0,0.0,0.0,0.0,0.0,0.0,0.0,0.0,0.0,0.0,0.0,0.0,0.0,0.0
2020-02-19,0.0,0.0,0.0,0.0,0.0,0.0,0.0,0.0,0.0,0.0,0.0,0.0,0.0,0.0,0.0,0.0,0.0,0.0,0.0,0.0,0.0,0.0
2020-02-20,0.0,0.0,0.0,0.0,0.0,0.0,0.0,0.0,0.0,0.0,0.0,0.0,0.0,0.0,0.0,0.0,0.0,0.0,0.0,0.0,1.0,0.0
2020-02-21,0.0,0.0,0.0,0.0,0.0,0.0,0.0,0.0,0.0,0.0,0.0,0.0,0.0,0.0,0.0,0.0,0.0,0.0,0.0,1.0,1.0,0.0
2020-02-22,0.0,0.0,0.0,0.0,0.0,0.0,0.0,0.0,0.0,0.0,0.0,0.0,0.0,0.0,0.0,0.0,0.0,0.0,0.0,1.0,1.0,0.0
2020-02-23,0.0,0.0,0.0,0.0,0.0,0.0,0.0,0.0,0.0,0.0,0.0,0.0,0.0,0.0,0.0,0.0,0.0,0.0,1.0,1.0,1.0,0.0
2020-02-24,0.0,0.0,0.0,0.0,0.0,0.0,0.0,0.0,0.0,0.0,0.0,0.0,0.0,0.0,0.0,0.0,0.0,0.0,1.0,1.0,1.0,0.0
2020-02-25,0.0,0.0,0.0,0.0,0.0,0.0,0.0,0.0,0.0,0.0,0.0,0.0,0.0,0.0,0.0,0.0,0.0,1.0,1.0,1.0,1.0,0.0
2020-02-26,0.0,0.0,0.0,0.0,0.0,0.0,0.0,0.0,0.0,0.0,0.0,0.0,0.0,0.0,0.0,0.0,1.0,1.0,1.0,1.0,2.0,0.0
2020-02-27,0.0,0.0,0.0,0.0,0.0,0.0,0.0,0.0,0.0,0.0,0.0,0.0,0.0,0.0,0.0,0.0,1.0,1.0,1.0,1.0,2.0,0.0
2020-02-28,0.0,0.0,0.0,0.0,0.0,0.0,0.0,0.0,0.0,0.0,0.0,0.0,0.0,0.0,0.0,1.0,1.0,1.0,1.0,2.0,2.0,0.0
2020-02-29,0.0,0.0,0.0,0.0,0.0,0.0,0.0,0.0,0.0,0.0,0.0,0.0,0.0,1.0,1.0,1.0,1.0,1.0,1.0,2.0,2.0,0.0
2020-03-01,0.0,0.0,0.0,0.0,0.0,0.0,0.0,0.0,0.0,0.0,0.0,0.0,1.0,1.0,1.0,1.0,1.0,1.0,2.0,2.0,2.0,0.0
2020-03-02,0.0,0.0,0.0,0.0,0.0,0.0,0.0,0.0,0.0,0.0,0.0,1.0,1.0,1.0,1.0,1.0,1.0,2.0,2.0,2.0,3.0,0.0
2020-03-03,0.0,0.0,0.0,0.0,0.0,0.0,0.0,0.0,0.0,0.0,1.0,1.0,1.0,1.0,1.0,1.0,2.0,2.0,2.0,3.0,3.0,0.0
2020-03-04,0.0,0.0,0.0,0.0,0.0,0.0,0.0,0.0,1.0,1.0,1.0,1.0,1.0,1.0,1.0,2.0,2.0,2.0,2.0,3.0,4.0,0.0
2020-03-05,0.0,0.0,0.0,0.0,0.0,0.0,0.0,1.0,1.0,1.0,1.0,1.0,1.0,1.0,2.0,2.0,2.0,2.0,3.0,4.0,4.0,0.0
2020-03-06,0.0,0.0,0.0,0.0,0.0,0.0,1.0,1.0,1.0,1.0,1.0,1.0,2.0,2.0,2.0,2.0,3.0,3.0,3.0,4.0,5.0,1.0
2020-03-07,0.0,0.0,0.0,0.0,0.0,1.0,1.0,1.0,1.0,1.0,2.0,2.0,2.0,2.0,2.0,3.0,3.0,3.0,4.0,5.0,5.0,0.0
2020-03-08,0.0,0.0,0.0,0.0,1.0,1.0,1.0,1.0,1.0,2.0,2.0,2.0,2.0,3.0,3.0,3.0,3.0,4.0,4.0,5.0,6.0,1.0
2020-03-09,0.0,0.0,0.0,1.0,1.0,1.0,1.0,2.0,2.0,2.0,2.0,3.0,3.0,3.0,3.0,4.0,4.0,5.0,5.0,6.0,7.0,0.0
2020-03-10,0.0,0.0,1.0,1.0,1.0,2.0,2.0,2.0,2.0,3.0,3.0,3.0,3.0,4.0,4.0,4.0,5.0,5.0,6.0,7.0,8.0,1.0
2020-03-11,0.0,0.0,1.0,1.0,2.0,2.0,2.0,2.0,3.0,3.0,3.0,4.0,4.0,4.0,5.0,5.0,6.0,6.0,7.0,8.0,9.0,2.0
2020-03-12,0.0,1.0,1.0,2.0,2.0,2.0,3.0,3.0,3.0,4.0,4.0,4.0,5.0,5.0,5.0,6.0,6.0,7.0,8.0,9.0,11.0,4.0
2020-03-13,1.0,1.0,2.0,2.0,3.0,3.0,3.0,4.0,4.0,4.0,5.0,5.0,5.0,6.0,6.0,7.0,8.0,8.0,9.0,11.0,12.0,5.0
2020-03-14,1.0,1.0,2.0,3.0,3.0,4.0,4.0,4.0,5.0,5.0,6.0,6.0,6.0,7.0,7.0,8.0,9.0,10.0,11.0,12.0,14.0,7.0
2020-03-15,1.0,2.0,3.0,3.0,4.0,4.0,5.0,5.0,6.0,6.0,7.0,7.0,8.0,8.0,9.0,9.0,10.0,11.0,12.0,14.0,16.0,14.0
2020-03-16,2.0,2.0,3.0,4.0,4.0,5.0,6.0,6.0,7.0,7.0,8.0,8.0,9.0,9.0,10.0,11.0,12.0,13.0,14.0,16.0,18.0,19.0
2020-03-17,2.0,3.0,4.0,5.0,5.0,6.0,7.0,7.0,8.0,8.0,9.0,10.0,10.0,11.0,12.0,12.0,13.0,15.0,16.0,19.0,21.0,6.0
2020-03-18,3.0,3.0,5.0,6.0,6.0,7.0,8.0,8.0,9.0,10.0,10.0,11.0,12.0,12.0,13.0,14.0,15.0,17.0,19.0,21.0,24.0,17.0
2020-03-19,3.0,4.0,6.0,7.0,7.0,8.0,9.0,10.0,10.0,11.0,12.0,13.0,13.0,14.0,15.0,16.0,18.0,19.0,21.0,24.0,27.0,12.0
2020-03-20,4.0,5.0,7.0,8.0,9.0,10.0,10.0,11.0,12.0,13.0,14.0,15.0,16.0,16.0,18.0,19.0,20.0,22.0,24.0,28.0,31.0,26.0
2020-03-21,5.0,6.0,8.0,9.0,10.0,11.0,12.0,13.0,14.0,15.0,16.0,17.0,18.0,19.0,20.0,21.0,23.0,25.0,27.0,31.0,35.0,23.0
2020-03-22,6.0,7.0,9.0,10.0,12.0,13.0,14.0,15.0,16.0,17.0,18.0,19.0,20.0,21.0,23.0,24.0,26.0,28.0,31.0,36.0,40.0,33.0
2020-03-23,7.0,8.0,10.0,12.0,13.0,15.0,16.0,17.0,18.0,19.0,21.0,22.0,23.0,24.0,26.0,28.0,29.0,32.0,35.0,40.0,45.0,64.0
2020-03-24,8.0,10.0,12.0,14.0,15.0,17.0,18.0,19.0,21.0,22.0,23.0,25.0,26.0,28.0,29.0,31.0,33.0,36.0,40.0,45.0,50.0,29.0
2020-03-25,9.0,11.0,14.0,16.0,17.0,19.0,21.0,22.0,23.0,25.0,26.0,28.0,30.0,31.0,33.0,35.0,38.0,41.0,45.0,51.0,57.0,25.0
2020-03-26,10.0,13.0,16.0,18.0,20.0,22.0,23.0,25.0,27.0,28.0,30.0,32.0,33.0,35.0,37.0,40.0,42.0,46.0,50.0,57.0,64.0,57.0
2020-03-27,12.0,14.0,18.0,20.0,22.0,24.0,26.0,28.0,30.0,32.0,34.0,35.0,37.0,40.0,42.0,44.0,47.0,51.0,56.0,64.0,71.0,52.0
2020-03-28,13.0,16.0,20.0,23.0,25.0,28.0,30.0,32.0,34.0,36.0,38.0,40.0,42.0,44.0,47.0,50.0,53.0,57.0,63.0,71.0,80.0,44.0
2020-03-29,15.0,18.0,23.0,26.0,28.0,31.0,33.0,35.0,38.0,40.0,42.0,44.0,47.0,49.0,52.0,56.0,59.0,64.0,70.0,79.0,88.0,62.0
2020-03-30,17.0,21.0,25.0,29.0,32.0,34.0,37.0,39.0,42.0,44.0,47.0,49.0,52.0,55.0,58.0,62.0,66.0,71.0,78.0,88.0,98.0,72.0
2020-03-31,19.0,23.0,28.0,32.0,35.0,38.0,41.0,44.0,47.0,49.0,52.0,55.0,58.0,61.0,65.0,69.0,73.0,79.0,86.0,98.0,109.0,53.0
2020-04-01,22.0,26.0,32.0,36.0,39.0,43.0,46.0,49.0,52.0,55.0,58.0,61.0,64.0,68.0,71.0,76.0,81.0,87.0,95.0,108.0,120.0,60.0
2020-04-02,24.0,29.0,35.0,40.0,44.0,47.0,51.0,54.0,57.0,60.0,64.0,67.0,71.0,75.0,79.0,84.0,89.0,96.0,105.0,119.0,132.0,53.0
2020-04-03,27.0,32.0,39.0,44.0,48.0,52.0,56.0,60.0,63.0,67.0,70.0,74.0,78.0,82.0,87.0,92.0,98.0,106.0,115.0,131.0,145.0,47.0
2020-04-04,29.0,35.0,43.0,48.0,53.0,57.0,61.0,65.0,69.0,73.0,77.0,81.0,86.0,90.0,95.0,101.0,108.0,116.0,127.0,144.0,160.0,76.0
2020-04-05,32.0,39.0,47.0,53.0,58.0,63.0,68.0,72.0,76.0,80.0,85.0,89.0,94.0,99.0,105.0,111.0,118.0,127.0,138.0,157.0,174.0,70.0
2020-04-06,36.0,42.0,51.0,58.0,64.0,69.0,74.0,78.0,83.0,88.0,92.0,97.0,103.0,108.0,114.0,121.0,129.0,138.0,151.0,171.0,190.0,51.0
2020-04-07,39.0,46.0,56.0,63.0,70.0,75.0,80.0,86.0,91.0,96.0,101.0,106.0,112.0,118.0,124.0,132.0,140.0,151.0,165.0,187.0,207.0,83.0
2020-04-08,43.0,51.0,61.0,69.0,76.0,82.0,87.0,93.0,99.0,104.0,110.0,115.0,121.0,128.0,135.0,143.0,152.0,163.0,178.0,202.0,225.0,85.0
2020-04-09,47.0,55.0,66.0,75.0,82.0,89.0,95.0,101.0,107.0,113.0,119.0,125.0,132.0,138.0,146.0,155.0,165.0,177.0,193.0,219.0,242.0,88.0
2020-04-10,50.0,60.0,72.0,81.0,89.0,96.0,103.0,109.0,115.0,122.0,128.0,135.0,142.0,150.0,158.0,167.0,178.0,192.0,209.0,236.0,262.0,93.0
2020-04-11,54.0,65.0,78.0,88.0,96.0,104.0,111.0,118.0,125.0,132.0,139.0,146.0,154.0,162.0,171.0,181.0,192.0,206.0,225.0,254.0,282.0,92.0
2020-04-12,59.0,70.0,84.0,94.0,104.0,112.0,119.0,127.0,134.0,142.0,149.0,157.0,165.0,174.0,184.0,195.0,207.0,222.0,242.0,274.0,304.0,194.0
2020-04-13,63.0,75.0,90.0,102.0,111.0,120.0,128.0,136.0,144.0,152.0,160.0,169.0,177.0,187.0,197.0,209.0,222.0,238.0,260.0,295.0,327.0,29.0
2020-04-14,68.0,80.0,96.0,109.0,119.0,128.0,137.0,146.0,154.0,163.0,171.0,180.0,190.0,200.0,211.0,223.0,237.0,255.0,278.0,315.0,349.0,45.0
2020-04-15,72.0,86.0,103.0,116.0,127.0,137.0,147.0,156.0,165.0,174.0,183.0,193.0,203.0,214.0,225.0,239.0,254.0,272.0,297.0,336.0,372.0,114.0
2020-04-16,78.0,92.0,110.0,124.0,136.0,146.0,157.0,166.0,176.0,186.0,196.0,206.0,217.0,228.0,241.0,255.0,270.0,290.0,317.0,359.0,397.0,103.0
2020-04-17,83.0,98.0,117.0,132.0,144.0,156.0,166.0,177.0,187.0,197.0,208.0,219.0,230.0,243.0,256.0,271.0,288.0,309.0,337.0,381.0,422.0,159.0
2020-04-18,88.0,104.0,125.0,140.0,154.0,166.0,177.0,188.0,199.0,210.0,221.0,232.0,244.0,257.0,271.0,287.0,305.0,327.0,356.0,403.0,447.0,142.0
2020-04-19,93.0,110.0,132.0,149.0,163.0,176.0,188.0,199.0,211.0,222.0,234.0,246.0,259.0,272.0,287.0,304.0,323.0,347.0,378.0,427.0,473.0,143.0
2020-04-20,99.0,116.0,140.0,157.0,172.0,185.0,198.0,210.0,222.0,235.0,247.0,260.0,273.0,288.0,304.0,321.0,342.0,367.0,401.0,454.0,503.0,114.0
2020-04-21,104.0,123.0,147.0,165.0,181.0,195.0,209.0,222.0,234.0,247.0,260.0,274.0,288.0,303.0,320.0,339.0,360.0,386.0,421.0,475.0,526.0,97.0
2020-04-22,109.0,129.0,155.0,175.0,191.0,206.0,220.0,233.0,247.0,260.0,274.0,288.0,303.0,319.0,337.0,356.0,379.0,407.0,443.0,500.0,554.0,154.0
2020-04-23,114.0,135.0,162.0,182.0,200.0,215.0,230.0,245.0,259.0,273.0,287.0,302.0,318.0,335.0,353.0,374.0,398.0,426.0,465.0,526.0,583.0,221.0
2020-04-24,121.0,142.0,170.0,192.0,209.0,226.0,241.0,256.0,271.0,286.0,301.0,317.0,334.0,351.0,371.0,392.0,417.0,447.0,487.0,550.0,609.0,243.0
2020-04-25,126.0,149.0,178.0,200.0,219.0,236.0,253.0,268.0,284.0,299.0,315.0,331.0,348.0,366.0,386.0,409.0,435.0,466.0,508.0,575.0,637.0,261.0
2020-04-26,131.0,155.0,186.0,209.0,229.0,247.0,264.0,280.0,296.0,312.0,329.0,346.0,364.0,383.0,404.0,428.0,455.0,488.0,532.0,601.0,667.0,156.0
2020-04-27,137.0,162.0,194.0,218.0,238.0,257.0,274.0,291.0,308.0,325.0,342.0,360.0,379.0,399.0,421.0,445.0,473.0,507.0,552.0,625.0,693.0,214.0
2020-04-28,142.0,167.0,200.0,225.0,247.0,266.0,284.0,302.0,319.0,337.0,354.0,373.0,392.0,413.0,436.0,461.0,491.0,526.0,573.0,649.0,718.0,365.0
2020-04-29,147.0,173.0,208.0,235.0,257.0,277.0,296.0,314.0,332.0,350.0,368.0,387.0,408.0,429.0,452.0,478.0,509.0,546.0,595.0,671.0,745.0,463.0
2020-04-30,153.0,180.0,215.0,242.0,265.0,286.0,306.0,325.0,343.0,362.0,381.0,401.0,422.0,444.0,468.0,495.0,526.0,565.0,615.0,697.0,772.0,492.0
2020-05-01,158.0,187.0,223.0,251.0,274.0,296.0,316.0,335.0,355.0,374.0,394.0,414.0,436.0,459.0,484.0,512.0,545.0,584.0,636.0,719.0,797.0,594.0
2020-05-02,163.0,192.0,230.0,258.0,282.0,304.0,325.0,345.0,365.0,385.0,406.0,427.0,449.0,473.0,499.0,528.0,561.0,602.0,656.0,743.0,823.0,498.0
2020-05-03,168.0,198.0,237.0,266.0,291.0,314.0,336.0,357.0,377.0,398.0,419.0,440.0,463.0,488.0,514.0,544.0,579.0,620.0,676.0,765.0,847.0,435.0
2020-05-04,173.0,204.0,244.0,274.0,299.0,322.0,344.0,365.0,386.0,407.0,429.0,451.0,475.0,500.0,528.0,558.0,594.0,638.0,695.0,785.0,872.0,571.0
2020-05-05,177.0,209.0,250.0,281.0,307.0,331.0,354.0,376.0,397.0,419.0,441.0,464.0,488.0,514.0,542.0,573.0,609.0,653.0,712.0,805.0,892.0,617.0
2020-05-06,182.0,214.0,256.0,287.0,314.0,339.0,362.0,384.0,406.0,429.0,451.0,474.0,499.0,525.0,554.0,586.0,623.0,668.0,728.0,822.0,912.0,728.0
2020-05-07,186.0,219.0,262.0,295.0,322.0,347.0,370.0,393.0,416.0,438.0,461.0,485.0,510.0,537.0,566.0,599.0,637.0,684.0,745.0,843.0,934.0,785.0
2020-05-08,189.0,223.0,267.0,300.0,328.0,354.0,378.0,401.0,424.0,447.0,471.0,495.0,521.0,548.0,579.0,613.0,651.0,699.0,761.0,860.0,954.0,723.0
2020-05-09,192.0,227.0,272.0,306.0,334.0,360.0,385.0,409.0,432.0,455.0,479.0,504.0,530.0,558.0,589.0,623.0,663.0,711.0,775.0,877.0,972.0,702.0
2020-05-10,196.0,231.0,277.0,311.0,340.0,366.0,391.0,416.0,439.0,464.0,488.0,514.0,540.0,569.0,599.0,634.0,675.0,724.0,788.0,891.0,990.0,481.0
2020-05-11,199.0,234.0,280.0,316.0,345.0,372.0,397.0,422.0,446.0,470.0,494.0,520.0,547.0,576.0,607.0,643.0,684.0,734.0,800.0,904.0,1000.0,528.0
2020-05-12,203.0,238.0,285.0,320.0,350.0,378.0,403.0,428.0,453.0,477.0,503.0,528.0,556.0,586.0,617.0,653.0,694.0,744.0,811.0,918.0,1016.0,695.0
2020-05-13,204.0,241.0,288.0,323.0,354.0,381.0,407.0,433.0,458.0,483.0,508.0,535.0,563.0,593.0,625.0,661.0,702.0,754.0,820.0,928.0,1029.0,423.0
2020-05-14,207.0,244.0,292.0,328.0,358.0,386.0,412.0,437.0,462.0,487.0,513.0,540.0,567.0,597.0,630.0,666.0,709.0,760.0,828.0,937.0,1039.0,527.0
2020-05-15,209.0,245.0,294.0,330.0,361.0,389.0,415.0,440.0,466.0,491.0,517.0,544.0,572.0,602.0,635.0,672.0,715.0,768.0,836.0,947.0,1048.0,797.0
2020-05-16,210.0,247.0,296.0,334.0,365.0,393.0,420.0,446.0,471.0,497.0,522.0,549.0,577.0,608.0,641.0,678.0,721.0,774.0,843.0,951.0,1053.0,729.0
2020-05-17,211.0,248.0,298.0,334.0,366.0,394.0,421.0,447.0,473.0,499.0,525.0,552.0,580.0,611.0,645.0,682.0,726.0,778.0,848.0,957.0,1062.0,708.0
2020-05-18,212.0,250.0,299.0,336.0,367.0,396.0,422.0,449.0,474.0,500.0,527.0,554.0,583.0,614.0,647.0,684.0,728.0,781.0,852.0,963.0,1067.0,695.0
2020-05-19,212.0,250.0,300.0,337.0,368.0,396.0,423.0,450.0,476.0,502.0,529.0,556.0,585.0,616.0,650.0,687.0,730.0,784.0,854.0,965.0,1069.0,666.0
2020-05-20,213.0,250.0,300.0,337.0,369.0,398.0,425.0,451.0,477.0,503.0,529.0,557.0,586.0,616.0,650.0,688.0,731.0,784.0,854.0,966.0,1071.0,641.0
2020-05-21,213.0,251.0,301.0,338.0,370.0,398.0,425.0,451.0,477.0,503.0,528.0,556.0,585.0,616.0,650.0,688.0,732.0,786.0,856.0,967.0,1072.0,530.0
2020-05-22,213.0,251.0,300.0,337.0,369.0,397.0,424.0,450.0,476.0,502.0,529.0,556.0,585.0,616.0,649.0,687.0,730.0,783.0,853.0,965.0,1073.0,805.0
2020-05-23,213.0,251.0,299.90000000000146,337.0,368.0,397.0,423.0,450.0,476.0,501.0,527.0,555.0,584.0,615.0,648.0,686.0,730.0,783.0,851.0,963.0,1068.0,840.0
2020-05-24,212.0,249.0,299.0,336.0,367.0,395.0,422.0,448.0,474.0,500.0,526.0,553.0,582.0,612.0,645.0,682.0,725.0,777.0,847.0,957.0,1062.0,728.0
2020-05-25,211.0,248.95000000000073,297.0,334.0,365.0,393.0,420.0,445.0,471.0,497.0,523.0,550.0,578.0,609.0,642.0,679.0,722.0,774.0,842.0,950.0,1054.0,742.0
2020-05-26,208.0,246.0,295.0,331.0,362.0,390.0,417.0,442.0,468.0,493.0,520.0,546.0,574.0,604.0,637.0,673.0,715.0,766.0,836.0,944.0,1046.0,645.0
2020-05-27,208.0,245.0,293.0,329.0,360.0,388.0,414.0,440.0,465.0,490.0,516.0,543.0,571.0,601.0,633.0,670.0,712.0,763.0,832.0,940.0,1044.0,505.0
2020-05-28,206.0,243.0,291.0,326.0,356.0,384.0,410.0,435.0,460.0,486.0,511.0,538.0,566.0,596.0,628.0,664.0,706.0,757.0,826.0,932.0,1031.0,483.0
2020-05-29,204.0,240.0,287.0,323.0,353.0,381.0,407.0,432.0,457.0,481.0,506.0,533.0,560.0,590.0,622.0,658.0,699.0,751.0,817.0,922.0,1021.0,584.0
2020-05-30,201.0,237.0,284.0,319.0,349.0,376.0,402.0,427.0,451.0,475.0,500.0,526.0,553.0,582.0,613.0,649.0,690.0,740.0,806.0,910.0,1007.0,659.0
2020-05-31,198.97500000000036,234.0,280.0,314.0,344.0,371.0,396.0,421.0,445.0,469.0,493.0,519.0,546.0,575.0,606.0,641.0,682.0,732.0,797.0,901.0,1000.0,660.0
2020-06-01,196.0,232.0,277.0,311.0,341.0,367.0,392.0,416.0,440.0,463.0,488.0,513.0,539.0,568.0,599.0,633.0,673.0,722.0,787.0,888.0,984.0,358.0
2020-06-02,194.0,229.0,274.0,307.0,336.0,362.0,387.0,410.0,433.0,457.0,481.0,506.0,532.0,560.0,590.0,624.0,663.0,711.0,773.0,873.0,966.0,300.0
2020-06-03,190.0,224.0,268.0,301.0,329.0,355.0,379.0,403.0,426.0,449.0,473.0,497.0,522.0,550.0,580.0,613.0,652.0,699.0,762.0,860.0,953.0,363.0
2020-06-04,187.0,221.0,264.0,297.0,324.0,349.0,373.0,396.0,418.0,441.0,464.0,488.0,513.0,540.0,570.0,603.0,641.0,688.0,750.0,848.0,938.0,403.0
2020-06-05,184.0,217.0,260.0,291.0,319.0,343.0,367.0,389.0,411.0,433.0,456.0,480.0,505.0,531.0,560.0,592.0,630.0,676.0,736.0,831.0,920.0,707.0
2020-06-06,180.0,213.0,254.0,286.0,312.0,337.0,360.0,382.0,404.0,426.0,448.0,472.0,496.0,522.0,550.0,583.0,619.0,663.0,722.0,816.0,902.0,521.0
2020-06-07,177.0,208.0,250.0,280.0,306.0,330.0,353.0,374.0,396.0,417.0,439.0,462.0,485.0,511.0,538.0,569.0,606.0,649.0,706.0,797.0,884.0,385.0
2020-06-08,172.0,203.0,243.0,274.0,299.0,323.0,345.0,366.0,387.0,408.0,429.0,452.0,475.0,500.0,527.0,558.0,593.0,635.0,693.0,785.0,869.0,338.0
2020-06-09,169.0,200.0,239.0,268.0,293.0,316.0,337.0,358.0,378.0,399.0,420.0,442.0,465.0,490.0,516.0,546.0,581.0,622.0,678.0,767.0,847.0,299.0
2020-06-10,166.0,195.0,233.0,262.0,286.0,309.0,329.0,349.0,370.0,390.0,410.0,431.0,453.0,477.0,503.0,532.0,566.0,607.0,661.0,747.0,830.0,366.0
2020-06-11,160.0,189.0,227.0,255.0,279.0,301.0,321.0,341.0,361.0,381.0,400.0,421.0,443.0,466.0,492.0,520.0,553.0,593.0,647.0,731.0,810.0,447.0
2020-06-12,157.0,185.0,222.0,249.0,273.0,294.0,314.0,333.0,352.0,371.0,391.0,411.0,432.0,455.0,481.0,508.0,541.0,580.0,633.0,715.0,791.0,479.0
2020-06-13,153.0,180.0,216.0,242.0,265.0,286.0,306.0,324.0,343.0,361.0,380.0,400.0,421.0,443.0,468.0,495.0,526.0,565.0,615.0,696.0,769.0,377.0
2020-06-14,148.0,175.0,210.0,236.0,258.0,278.0,297.0,315.0,333.0,352.0,371.0,390.0,410.0,432.0,455.0,481.0,511.0,549.0,598.0,676.0,749.0,299.0
2020-06-15,145.0,170.0,204.0,229.0,251.0,271.0,289.0,307.0,325.0,343.0,361.0,380.0,399.0,420.0,443.0,469.0,498.0,535.0,584.0,660.0,731.0,222.0
2020-06-16,141.0,166.0,199.0,223.0,245.0,264.0,282.0,299.0,316.0,333.0,351.0,369.0,389.0,409.0,431.0,456.0,485.0,520.0,567.0,641.0,710.0249999999942,189.0
2020-06-17,138.0,163.0,195.0,219.0,240.0,258.0,276.0,293.0,310.0,326.0,344.0,362.0,381.0,401.0,423.0,447.0,476.0,510.0,556.0,631.0,700.0,415.0
2020-06-18,137.0,162.0,194.0,218.84999999999854,239.0,258.0,276.0,293.0,310.0,327.0,344.0,362.0,381.0,401.0,423.0,447.0,475.0,510.0,556.0,630.0,698.0,379.0
2020-06-19,138.97500000000036,164.0,196.0,220.0,241.0,260.0,278.0,295.0,312.0,330.0,347.0,365.0,384.0,404.0,426.0,451.0,480.0,515.0,561.0,635.0,706.0,356.0
2020-06-20,142.0,166.0,200.0,225.0,246.0,265.0,283.0,301.0,319.0,336.0,354.0,372.0,391.0,412.0,434.0,460.0,489.0,524.0,571.0,646.0,716.0,436.0
2020-06-21,143.0,169.0,203.0,229.0,250.0,270.0,288.0,306.0,324.0,342.0,360.0,378.0,398.0,419.0,442.0,468.0,498.0,534.0,582.0,658.0,731.0,453.0
2020-06-22,148.0,173.0,208.0,233.0,255.0,275.0,294.0,312.0,330.0,348.0,366.0,385.0,405.0,427.0,450.0,476.0,506.0,543.0,592.0,670.0499999999884,743.0,307.0
2020-06-23,150.0,176.0,211.0,237.0,259.0,280.0,299.0,317.0,336.0,354.0,372.0,392.0,412.0,434.0,457.0,484.0,515.0,552.0,601.0,679.0,753.0,242.0
2020-06-24,152.0,179.0,214.0,241.0,263.0,284.0,303.0,322.0,341.0,359.0,378.0,398.0,418.0,441.0,465.0,492.0,523.0,561.0,612.0,691.0,767.0,297.0
2020-06-25,154.0,181.0,217.0,244.0,267.0,288.0,307.0,326.0,345.0,364.0,383.0,403.0,423.0,446.0,470.0,498.0,529.0,568.0,619.0,699.0,776.0,360.0
2020-06-26,155.0,184.0,220.0,247.0,271.0,292.0,312.0,331.0,350.0,369.0,388.0,409.0,430.0,453.0,477.0,505.0,537.0,576.0,627.0,710.0,788.0,493.0
2020-06-27,158.0,186.0,223.0,251.0,274.0,296.0,316.0,336.0,354.0,374.0,394.0,414.0,436.0,459.0,483.0,511.0,544.0,583.0,634.0,716.0,795.0,417.0
2020-06-28,159.0,188.0,225.0,253.0,277.0,299.0,320.0,339.0,359.0,378.0,398.0,419.0,441.0,464.0,489.0,517.0,550.0,591.0,644.0,727.0,804.0,516.0
2020-06-29,162.0,190.0,228.0,257.0,281.0,303.0,323.0,343.0,363.0,383.0,403.0,423.0,445.0,469.0,495.0,524.0,557.0,597.0,650.0,734.0,814.0,312.0
2020-06-30,164.0,193.0,232.0,260.0,284.0,307.0,327.0,348.0,367.0,387.0,407.0,428.0,451.0,475.0,500.0,529.0,563.0,604.0,658.0,744.0,825.0,442.0
2020-07-01,166.0,195.0,234.0,263.0,288.0,310.0,331.0,352.0,372.0,392.0,413.0,434.0,457.0,480.0,506.0,536.0,570.0,611.0,665.0,752.0,832.0,415.0
2020-07-02,168.0,198.0,237.0,266.0,291.0,314.0,335.0,356.0,376.0,397.0,418.0,439.0,462.0,486.0,513.0,542.0,577.0,619.0,674.0,763.0,843.0,494.0
2020-07-03,170.0,200.0,240.0,270.0,295.0,318.0,339.0,360.0,381.0,401.0,423.0,445.0,468.0,492.0,519.0,549.0,584.0,626.0,682.0,771.0,853.0,414.0
2020-07-04,173.0,203.0,242.90000000000146,273.0,298.0,322.0,344.0,365.0,386.0,407.0,428.0,450.0,474.0,498.0,525.0,556.0,591.0,634.0,691.0,781.0,865.0,0.0
2020-07-05,175.0,206.0,246.0,277.0,303.0,326.0,348.0,369.0,390.0,411.0,433.0,456.0,479.0,504.0,531.0,562.0,598.0,641.0,698.0,789.0,873.0249999999942,512.0
2020-07-06,176.0,207.0,249.0,279.0,305.0,329.0,351.0,373.0,395.0,416.0,438.0,461.0,485.0,510.0,538.0,570.0,606.0,650.0,708.0,802.0,886.0,433.0
2020-07-07,179.0,210.0,251.0,283.0,310.0,333.0,356.0,379.0,400.0,422.0,444.0,467.0,491.0,516.0,545.0,576.0,613.0,657.0,716.0,808.0,895.0,564.0
2020-07-08,181.0,212.0,254.0,286.0,312.0,337.0,360.0,382.0,405.0,427.0,449.0,472.0,497.0,523.0,552.0,584.0,620.0,665.0,725.0,819.0,909.0,457.0
2020-07-09,183.0,216.0,259.0,290.0,317.0,342.0,365.0,388.0,410.0,432.0,455.0,478.0,503.0,529.0,557.0,589.0,627.0,673.0,732.0,828.0,917.0,574.0
2020-07-10,185.0,219.0,261.0,293.0,321.0,345.0,369.0,392.0,414.0,437.0,460.0,483.0,508.0,535.0,564.0,597.0,634.0,680.0,741.0,837.0,928.0,604.0
2020-07-11,187.0,220.0,264.0,297.0,325.0,350.0,374.0,397.0,420.0,442.0,465.0,490.0,515.0,542.0,571.0,604.0,642.0,689.0,750.0,846.0,936.0,804.0
2020-07-12,190.0,224.0,268.0,301.0,329.0,354.0,378.0,401.0,424.0,447.0,470.0,495.0,520.3999999999942,548.0,578.0,611.0,650.0,697.0,759.0,857.0,949.0,710.0
2020-07-13,192.0,226.0,271.0,304.0,332.0,358.0,382.0,406.0,429.0,452.0,476.0,501.0,526.0,554.0,584.0,617.0,656.0,703.0,766.0,865.0,959.0,491.0
2020-07-14,193.0,228.0,273.0,307.0,336.0,362.0,387.0,411.0,434.0,458.0,482.0,507.0,533.0,560.0,591.0,625.0,665.0,713.0,777.0,877.0,970.0,398.0
2020-07-15,196.0,232.0,277.0,311.0,340.0,367.0,392.0,416.0,440.0,463.0,487.0,513.0,539.0,567.0,598.0,633.0,673.0,722.0,786.0,889.0,982.0,574.0
2020-07-16,199.0,234.0,281.0,316.0,345.0,371.0,397.0,421.0,445.0,469.0,494.0,519.0,545.0,574.0,604.0,639.0,679.0,729.0,794.0,896.0,991.0,605.0
2020-07-17,201.0,238.0,284.0,319.0,348.0,375.0,400.0,425.0,450.0,474.0,499.0,525.0,552.0,581.0,612.0,647.0,688.0,737.0,802.0,906.0,1003.0,666.0
2020-07-18,204.0,240.0,286.0,322.0,352.0,379.0,405.0,430.0,455.0,479.0,504.0,529.0,557.0,586.0,617.0,653.0,694.0,745.0,812.0,917.0,1016.0,457.0
2020-07-19,207.0,244.0,291.0,326.0,357.0,384.0,410.0,435.0,460.0,485.0,510.0,537.0,565.0,594.0,626.0,662.0,704.0,755.0,821.0,928.0,1031.0,734.0
2020-07-20,208.0,246.0,294.0,329.0,360.0,388.0,415.0,440.0,466.0,490.0,516.0,542.0,570.0,600.0,632.0,669.0,711.0,763.0,830.0,938.0,1039.0,903.0
2020-07-21,210.0,249.0,298.0,334.0,365.0,393.0,419.0,445.0,471.0,496.0,522.0,549.0,577.0,607.0,640.0,676.0,719.0,771.0,840.0,949.0,1049.0,350.0
2020-07-22,213.0,251.0,300.0,337.0,369.0,397.0,424.0,450.0,476.0,502.0,528.0,555.0,584.0,614.0,648.0,685.0,729.0,781.0,849.0,959.0,1063.0,504.0
2020-07-23,215.0,253.0,303.0,341.0,373.0,402.0,430.0,456.0,482.0,508.0,535.0,562.0,591.0,622.0,656.0,694.0,737.0,790.0,862.0,974.0,1078.0,760.0
2020-07-24,218.0,257.0,307.0,345.0,378.0,407.0,434.0,461.0,487.0,513.0,540.0,568.0,597.0,629.0,663.0,701.0,746.0,800.0,871.0,982.0,1086.0,767.0
2020-07-25,220.0,259.0,311.0,349.0,381.0,411.0,439.0,466.0,493.0,519.0,546.0,574.0,603.0,635.0,669.0,707.0,753.0,807.0,878.0,992.0,1096.0,803.0
2020-07-26,222.0,262.0,314.0,353.0,386.0,416.0,444.0,471.0,498.0,525.0,552.0,581.0,611.0,642.0,677.0,716.0,760.0,815.0,887.0,1002.0,1109.0,862.0
2020-07-27,225.0,265.0,318.0,356.0,390.0,420.0,448.0,476.0,503.0,531.0,558.0,587.0,618.0,650.0,685.0,725.0,771.0,827.0,901.0,1018.0,1127.0249999999942,650.0
2020-07-28,228.0,268.0,321.0,360.0,394.0,425.0,453.0,481.0,509.0,536.0,564.0,593.0,624.0,657.0,693.0,733.0,779.0,835.0,909.0,1026.0,1137.0,478.0
2020-07-29,229.0,271.0,324.0,364.0,398.0,428.0,458.0,486.0,514.0,541.0,570.0,600.0,630.0,664.0,699.0,739.0,787.0,844.0,920.0,1038.0,1149.0,666.0
2020-07-30,233.0,275.0,329.0,369.0,404.0,435.0,464.0,492.0,520.0,548.0,577.0,607.0,638.0,671.0,707.0,747.0,794.0,851.0,928.0,1046.0,1159.0,745.0
2020-07-31,237.0,279.0,333.0,373.0,408.0,440.0,470.0,498.0,526.0,555.0,584.0,613.0,645.0,679.0,716.0,757.0,805.0,863.0,939.0,1060.0,1171.0,771.0
2020-08-01,239.0,282.0,337.0,378.0,413.0,445.0,475.0,503.0,532.0,561.0,590.0,620.0,652.0,686.0,723.0,765.0,812.0,870.0,947.0,1070.0,1184.0,725.0
2020-08-02,240.0,284.0,339.0,380.0,416.0,448.0,479.0,509.0,538.0,567.0,596.0,626.0,658.0,693.0,731.0,772.0,820.0,880.0,958.0,1082.0,1197.0,759.0
2020-08-03,244.0,287.0,344.0,386.0,422.0,454.0,485.0,514.0,543.0,572.0,603.0,634.0,666.0,701.0,739.0,781.0,830.0,890.0,969.0,1095.0,1213.0,613.0
2020-08-04,246.0,290.0,347.0,389.0,426.0,458.0,489.0,519.0,549.0,579.0,610.0,641.0,674.0,709.0,747.0,791.0,840.0,900.0,980.0,1106.0,1226.0,602.0
2020-08-05,249.0,294.0,352.0,394.0,430.0,464.0,495.0,525.0,554.0,585.0,616.0,647.0,680.0,716.0,755.0,798.0,849.0,910.0,990.0,1120.0,1239.0,618.0
2020-08-06,252.0,295.0,354.0,396.0,433.0,467.0,498.0,529.0,560.0,590.0,621.0,653.0,687.0,722.0,761.0,805.0,857.0,919.0,1000.0,1130.0,1251.0,861.0
2020-08-07,254.0,298.0,357.0,401.0,439.0,473.0,505.0,536.0,567.0,597.0,628.0,660.0,694.0,730.0,770.0,815.0,866.0,929.0,1011.0,1141.0,1263.0,545.0
2020-08-08,257.0,303.0,363.0,406.0,444.0,478.0,511.0,542.0,573.0,604.0,635.0,668.0,703.0,739.0,779.0,824.0,877.0,940.0,1025.0,1157.0,1283.0,916.0
2020-08-09,258.0,305.0,365.0,410.0,448.0,482.0,515.0,546.0,578.0,609.0,641.0,674.0,709.0,746.0,786.0,832.0,885.0,949.0,1032.0,1164.0,1286.0,797.0
2020-08-10,263.0,310.0,369.0,415.0,454.0,489.0,522.0,555.0,586.0,618.0,650.0,683.0,718.0,756.0,796.0,842.0,894.0,959.0,1044.0,1176.0,1300.0,618.0
2020-08-11,266.0,313.0,373.0,419.0,458.0,494.0,527.0,560.0,592.0,624.0,656.0,690.0,725.0,763.0,805.0,851.0,904.0,969.0,1055.0,1191.0499999999884,1319.0,323.0
2020-08-12,268.0,316.0,378.0,424.0,464.0,500.0,534.0,566.0,598.0,631.0,664.0,698.0,733.0,771.0,813.0,859.0,913.0,977.0,1065.0,1201.0,1330.0,469.0
2020-08-13,270.0,318.0,381.0,428.0,468.0,504.0,538.0,571.0,604.0,636.0,669.0,704.0,740.0,779.0,821.0,869.0,923.0,990.0,1078.0,1215.0,1341.0,690.0
2020-08-14,273.0,322.0,384.0,432.0,472.0,510.0,544.0,577.0,610.0,643.0,677.0,712.0,749.0,788.0,831.0,879.0,933.0,1001.0,1090.0,1232.0,1363.0,730.0
2020-08-15,277.0,325.0,390.0,438.0,479.0,516.0,551.0,584.0,618.0,651.0,685.0,721.0,758.0,797.0,840.0,889.0,944.0,1011.0,1101.0,1242.0,1373.0,690.0
2020-08-16,280.0,329.0,394.0,442.0,483.0,520.0,555.0,589.0,623.0,656.0,691.0,726.0,763.0,803.0,847.0,896.0,952.0,1020.0,1110.0,1253.0,1387.0,739.0
2020-08-17,282.0,332.0,397.0,445.0,487.0,525.0,560.0,595.0,628.0,663.0,698.0,734.0,772.0,812.0,856.0,904.0,961.0,1031.0,1122.0,1266.0,1400.0,564.0
2020-08-18,285.0,336.0,402.0,452.0,494.0,532.0,568.0,603.0,636.0,671.0,705.0,741.0,779.0,820.0,864.0,914.0,970.0,1040.0,1132.0,1279.0,1416.0,345.0
2020-08-19,287.0,338.0,405.0,454.0,497.0,535.0,571.0,606.0,641.0,676.0,711.0,748.0,786.0,828.0,873.0,922.0,979.0,1051.0,1144.0,1292.0,1424.0,557.0
2020-08-20,292.0,343.0,410.0,460.0,503.0,542.0,578.0,613.0,648.0,682.0,718.0,754.0,793.0,835.0,880.0,931.0,989.0,1061.0,1155.0,1307.0,1445.0,690.0
2020-08-21,294.0,345.0,412.0,463.0,506.0,545.0,582.0,619.0,654.0,690.0,726.0,763.0,802.0,844.0,890.0,940.0,999.0,1070.0,1165.0,1313.0,1455.0,825.0
2020-08-22,297.0,349.0,418.0,469.0,512.0,552.0,589.0,625.0,661.0,697.0,733.0,771.0,811.0,852.0,898.0,950.0,1009.0,1083.0,1178.0,1331.0,1471.0,734.0
2020-08-23,300.0,353.0,422.0,473.0,517.0,557.0,595.0,632.0,667.0,703.0,740.0,778.0,818.0,860.0,907.0,960.0,1020.0,1093.0,1189.0,1342.0,1484.0,717.0
2020-08-24,303.0,356.0,425.0,478.0,522.8000000000029,563.0,600.0,638.0,673.0,709.0,747.0,785.0,826.0,869.0,916.0,969.0,1030.0,1103.0,1203.0,1356.0,1502.0,714.0
2020-08-25,304.0,359.0,429.0,482.0,527.0,568.0,606.0,643.0,680.0,718.0,756.0,794.0,835.0,878.0,925.0,979.0,1040.0,1115.0,1214.0,1370.0,1517.0,409.0
2020-08-26,308.0,363.0,434.0,488.0,533.0,574.0,613.0,650.0,687.0,724.0,762.0,801.0,842.0,886.0,934.0,989.0,1050.0,1125.1499999999942,1225.0,1383.0,1529.0,532.0
2020-08-27,312.0,367.0,438.0,492.0,538.0,580.0,619.0,657.0,694.0,731.0,770.0,809.0,850.0,895.0,943.0,997.0,1060.0,1136.0,1238.0,1398.0,1548.0,1154.0
2020-08-28,312.0,369.0,441.0,495.0,542.0,583.0,623.0,661.0,699.0,736.0,775.0,816.0,858.0,902.0,952.0,1007.0,1070.0,1146.0,1247.0,1411.0,1561.0,850.0
2020-08-29,317.0,373.0,446.0,501.0,548.0,591.0,630.0,669.0,707.0,745.0,783.0,824.0,866.0,911.0,960.0,1015.0,1079.0,1157.0,1259.0,1422.0,1575.0,1017.0
2020-08-30,320.0,377.0,450.0,505.0,552.0,594.0,634.0,673.0,711.0,750.0,789.0,830.0,873.0,919.0,968.0,1024.0,1087.0,1166.0,1271.0,1435.0,1589.0,932.0
2020-08-31,323.0,379.9500000000007,455.0,511.0,558.0,601.0,641.0,681.0,720.0,759.0,799.0,840.0,884.0,929.0,979.0,1035.0,1100.0,1179.0,1284.0,1450.0,1606.0,675.0
2020-09-01,326.0,385.0,460.0,516.0,564.0,608.0,648.0,689.0,728.0,768.0,807.0,849.0,891.0,938.0,989.0,1045.0,1111.0,1191.0,1299.0,1465.0,1622.0,491.0
2020-09-02,329.0,386.0,463.0,520.0,568.0,611.0,652.0,692.0,732.0,772.0,813.0,854.0,898.0,944.0,995.0,1052.0,1119.0,1199.0,1307.0,1475.0,1632.0,733.0
2020-09-03,333.0,392.0,467.0,524.0,573.0,617.0,659.0,700.0,739.0,779.0,821.0,863.0,908.0,956.0,1007.0,1065.0,1131.0,1213.0,1322.0,1493.0,1653.0,1038.0
2020-09-04,335.0,394.0,472.0,529.0,580.0,624.0,666.0,707.0,747.0,787.0,828.0,871.0,916.0,963.0,1015.0,1074.0,1141.0,1224.0,1332.0,1503.0,1663.0,843.0
2020-09-05,338.0,399.0,476.0,534.0,583.0,628.0,671.0,712.0,752.0,794.0,835.0,878.0,923.0,971.0,1023.0,1083.0,1151.0,1234.0,1343.0,1517.0,1684.0,914.0
2020-09-06,342.0,401.0,480.0,539.0,590.0,636.0,679.0,720.0,761.0,801.0,843.0,887.0,933.0,982.0,1035.0,1095.0,1163.0,1247.0,1356.0,1532.0,1694.0,707.0
2020-09-07,344.0,404.0,484.0,543.0,594.0,640.0,684.0,726.0,768.0,809.0,851.0,895.0,941.0,990.0,1044.0,1104.0,1173.0,1258.0,1367.0,1543.0,1710.0,638.0
2020-09-08,348.0,409.0,489.0,548.0,600.0,646.0,690.0,733.0,775.0,817.0,859.0,903.0,949.0,999.0,1053.0,1114.0,1184.0,1268.0,1381.0,1561.0,1728.0,383.0
2020-09-09,350.0,412.0,493.0,553.0,605.0,651.0,694.0,738.0,779.0,821.0,863.0,908.0,955.0,1004.0,1058.0,1119.0,1190.0,1277.0,1389.0,1569.0,1736.0,260.0
2020-09-10,354.0,415.0,497.0,558.0,610.0,658.0,702.0,745.0,787.0,830.0,873.0,919.0,966.0,1016.0,1071.0,1133.0,1204.0,1289.0,1404.0,1585.0,1754.0,381.0
2020-09-11,356.97500000000036,418.0,500.0,562.0,613.0,661.0,706.0,750.0,793.0,835.0,879.0,926.0,973.0,1024.0,1079.0,1142.0,1214.0,1300.0,1416.0,1598.0,1769.0,467.0
2020-09-12,361.0,424.0,506.0,567.0,620.0,668.0,713.0,758.0,801.0,843.0,888.0,934.0,982.0,1033.0,1090.0,1152.0,1225.0,1312.0,1429.0,1616.0,1787.0,872.0
2020-09-13,363.0,427.0,511.0,574.0,627.0,675.0,721.0,765.0,809.0,853.0,897.0,943.0,992.0,1043.0,1100.0,1162.0,1235.0,1324.0,1441.0,1627.0,1801.0,723.0
2020-09-14,366.0,428.0,513.0,576.0,630.0,679.0,725.0,770.0,814.0,859.0,903.0,950.0,998.0,1050.0,1108.0,1171.0,1244.0,1335.0,1453.0,1642.0,1814.0,638.0
2020-09-15,369.0,434.0,519.0,583.0,637.0,685.0,732.0,777.0,822.0,866.0,910.0,957.0,1007.0,1060.0,1117.0,1181.0,1256.0,1345.0,1464.0,1656.0,1830.0,402.0
2020-09-16,374.0,439.0,525.0,588.0,642.0,691.0,738.0,782.0,826.0,871.0,916.0,964.0,1013.0,1067.0,1124.0,1188.0,1263.0,1355.0,1476.0,1669.0,1849.0,462.0
2020-09-17,374.0,440.0,526.0,591.0,647.0,696.0,744.0,790.0,835.0,880.0,926.0,973.0,1023.0,1078.0,1136.0,1201.0,1277.0,1370.0,1492.0,1685.0,1864.0,909.0
2020-09-18,377.0,445.0,531.0,596.0,653.0,703.0,750.0,796.0,841.0,887.0,934.0,982.0,1032.0,1086.0,1145.0,1210.0,1286.0,1380.0,1504.0,1700.0,1881.0,1085.0
2020-09-19,380.0,447.0,535.0,600.0,657.0,708.0,756.0,802.0,848.0,893.0,940.0,989.0,1040.0,1095.0,1154.0,1219.0,1296.0,1391.0,1515.0,1712.0,1897.0249999999942,914.0
2020-09-20,384.97500000000036,452.0,541.0,607.0,663.0,715.0,762.0,808.0,855.0,901.0,948.0,997.0,1049.0,1104.0,1164.0,1231.0,1309.0,1404.0,1529.0,1729.0,1911.0,1296.0
2020-09-21,388.0,457.0,546.0,612.0,669.0,720.0,769.0,816.0,863.0,909.5500000000029,956.0,1005.0,1057.0,1112.0,1173.0,1240.0,1318.0,1414.0,1539.0,1737.0,1923.0,925.0
2020-09-22,392.0,461.0,550.0,616.0,674.0,725.0,774.0,821.0,868.0,915.0,962.0,1012.0,1064.0,1119.0,1180.0,1248.0,1326.0,1421.0,1547.0,1753.0,1941.0,480.0
2020-09-23,394.0,463.0,554.0,622.0,680.0,732.0,781.0,829.0,876.0,924.0,972.0,1021.0,1074.0,1129.0,1190.0,1259.0,1339.0,1435.0,1561.0,1762.0,1952.0,678.0
2020-09-24,394.0,465.0,557.0,625.0,684.0,737.0,787.0,836.0,883.0,931.0,980.0,1031.0,1084.0,1141.0,1203.0,1271.0,1351.0,1447.0,1576.0,1780.0,1970.0,912.0
2020-09-25,401.0,471.0,562.0,631.0,690.0,743.0,792.0,840.0,888.0,936.0,986.0,1036.0,1091.0,1148.0,1210.0,1280.0,1360.0,1458.0,1588.0,1794.0,1990.0249999999942,1177.0
2020-09-26,403.0,474.0,567.0,636.0,694.0,748.0,798.0,847.0,895.0,943.0,993.0,1044.0,1098.0,1155.0,1217.0,1287.0,1367.0,1467.0,1601.0,1806.0,1998.0,1470.0
2020-09-27,405.0,478.0,570.0,639.0,698.0,753.0,804.0,854.0,903.0,951.0,1000.0,1051.0,1105.0,1163.0,1227.0,1296.0,1379.0,1477.0,1609.0,1818.0,2015.0,1075.0
2020-09-28,406.0,479.0,573.0,644.0,703.0,758.0,810.0,860.0,908.0,958.0,1007.0,1059.0,1113.0,1171.0,1235.0,1307.0,1390.0,1491.0,1623.0,1837.0,2034.0,904.0
2020-09-29,412.0,484.0,579.0,650.0,709.0,764.0,816.0,867.0,916.0,965.0,1016.0,1068.0,1123.0,1183.0,1246.0,1318.0,1401.0,1504.0,1638.0,1849.0,2047.0,809.0
2020-09-30,414.0,488.0,584.0,655.0,715.0,770.0,822.0,872.0,921.0,970.0,1021.0,1074.0,1130.0,1189.0,1254.0,1327.0,1411.0,1512.0,1646.0,1860.0,2061.0,688.0
2020-10-01,419.0,492.0,587.0,659.0,720.0,776.0,828.0,879.0,928.0,978.0,1029.0,1082.0,1138.0,1198.0,1263.0,1336.0,1421.0,1524.0,1661.0,1879.0,2083.0,1066.0
2020-10-02,419.0,494.0,590.0,662.0,724.0,780.0,832.0,882.0,932.0,983.0,1035.0,1089.0,1146.0,1207.0,1273.0,1346.0,1431.0,1534.0,1670.0,1888.0,2092.0,1166.0
2020-10-03,421.0,497.0,595.0,668.0,731.0,787.0,840.0,891.0,942.0,994.0,1046.0,1099.0,1156.0,1216.0,1283.0,1357.0,1444.0,1549.0,1687.0,1904.0,2109.024999999994,1421.0
2020-10-04,427.0,502.0,601.0,674.0,736.0,793.0,847.0,899.0,951.0,1002.0,1054.0,1108.0,1165.0,1225.0,1292.0,1366.0,1452.0,1556.0,1694.0,1913.0,2119.0,1039.0
2020-10-05,428.0,503.0,602.0,677.0,740.0,797.0,852.0,904.0,956.0,1008.0,1060.0,1115.0,1172.0,1233.0,1300.0,1375.0,1462.0,1568.0,1709.0,1931.0,2136.0,973.0
2020-10-06,431.0,508.0,607.0,682.0,745.0,803.0,858.0,911.0,962.0,1014.0,1067.0,1122.0,1180.0,1241.0,1309.0,1384.0,1471.0,1577.0,1719.0,1941.0,2149.0,941.0
2020-10-07,435.0,511.0,612.0,686.0,751.0,809.0,863.0,916.0,969.0,1021.0,1073.0,1129.0,1188.0,1251.0,1318.0,1395.0,1483.0,1589.1499999999942,1732.0,1958.0,2169.0,911.0
2020-10-08,437.0,515.0,615.0,690.0,754.0,812.0,868.0,921.0,973.0,1026.0,1080.0,1136.0,1194.0,1256.0,1325.0,1402.0,1490.0,1597.0,1740.0,1968.0,2178.0,1271.0
2020-10-09,440.0,517.0,618.0,694.8499999999985,759.0,818.0,874.0,928.0,981.0,1034.0,1089.0,1145.0,1203.0,1266.0,1335.0,1412.0,1502.0,1611.0,1754.0,1980.0,2194.0,1390.0
2020-10-10,445.0,522.0,624.0,700.0,766.0,825.0,880.0,934.0,987.0,1041.0,1095.0,1152.0,1211.0,1275.0,1344.0,1422.0,1512.0,1621.0,1763.0,1993.0,2206.0,1516.0
2020-10-11,446.0,525.0,629.0,706.0,772.0,831.0,887.0,941.0,995.0,1049.0,1103.0,1160.0,1218.0,1281.0,1351.0,1429.0,1517.0,1627.0,1773.0,2006.0,2215.024999999994,1440.0
2020-10-12,448.0,528.0,631.0,708.0,774.0,834.0,891.0,946.0,1000.0,1055.0,1109.0,1166.0,1226.0,1291.0,1360.0,1439.0,1531.0,1642.0,1789.0,2020.0,2236.0,1171.0
2020-10-13,452.0,531.0,636.0,714.0,780.0,840.0,897.0,952.0,1006.0,1060.0,1115.0,1173.0,1233.0,1297.0,1368.0,1447.0,1537.0,1650.0,1796.0,2030.0,2248.0,1135.0
2020-10-14,456.0,535.0,641.0,719.0,785.0,845.0,902.0,958.0,1013.0,1068.0,1123.0,1180.0,1240.0,1305.0,1377.0,1457.0,1548.0,1662.0,1811.0,2044.0,2260.0,1369.0
2020-10-15,458.0,537.0,643.0,723.0,790.0,850.0,907.0,963.0,1018.0,1074.0,1129.0,1187.0,1248.0,1313.0,1384.0,1463.0,1557.0,1670.0,1820.0,2056.0,2276.0,1163.0
2020-10-16,458.0,539.9500000000007,648.0,727.0,795.0,855.0,914.0,969.0,1025.0,1080.0,1136.0,1195.0,1256.0,1322.0,1395.0,1476.0,1569.0,1683.0,1833.0,2073.0,2297.0,2290.0
2020-10-17,462.97500000000036,544.0,652.0,731.0,799.0,861.0,919.0,975.0,1031.0,1086.0,1143.0,1202.0,1264.0,1331.0,1404.0,1485.0,1579.0,1693.0,1845.0,2087.0,2314.0,1694.0
2020-10-18,465.0,547.0,655.0,734.0,802.0,864.0,923.0,979.0,1034.0,1089.0,1146.0,1205.0,1266.0,1332.0,1404.0,1486.0,1581.0,1697.0,1850.0,2090.0,2311.0,1722.0
2020-10-19,468.0,549.0,657.0,738.0,807.0,869.0,928.0,986.0,1042.0,1099.0,1157.0,1215.0,1278.0,1345.0,1417.0,1500.0,1595.0,1709.0,1863.0,2108.0,2339.0,1627.0
2020-10-20,470.0,552.0,661.0,744.0,813.0,875.0,935.0,993.0,1049.0,1106.0,1165.0,1224.0,1288.0,1355.0,1430.0,1513.0,1608.0,1724.0,1879.0,2123.0,2350.0,1092.0
2020-10-21,475.0,557.0,664.0,747.0,816.0,880.0,939.0,997.0,1053.0,1109.0,1167.0,1227.0,1291.0,1358.0,1431.0,1514.0,1610.0,1728.0,1886.0,2131.0,2362.0,1060.0
2020-10-22,474.0,557.0,667.0,750.0,820.0,883.0,942.0,1000.0,1056.0,1114.0,1173.0,1233.0,1297.0,1365.0,1440.0,1525.0,1620.0,1737.0,1894.0,2142.0,2372.0,1561.0
2020-10-23,478.0,563.0,673.0,754.0,824.0,888.0,948.0,1007.0,1064.0,1122.0,1181.0,1243.0,1307.0,1375.0,1449.0,1533.0,1631.0,1747.0,1903.0,2152.0,2386.024999999994,1711.0
2020-10-24,478.0,563.0,674.0,757.0,827.0,892.0,953.0,1012.0,1071.0,1128.0,1187.0,1248.0,1313.0,1381.0,1456.0,1540.0,1638.0,1757.0,1914.0,2164.0,2399.0,2259.0
2020-10-25,484.0,569.0,679.0,763.0,834.0,898.0,958.0,1017.0,1074.0,1132.0,1191.0,1252.0,1316.0,1386.0,1461.0,1545.0,1641.0,1761.0,1918.0,2169.0,2406.0,1680.0
2020-10-26,485.0,570.0,680.0,764.0,835.0,900.0,962.0,1022.0,1081.0,1139.0,1199.0,1261.0,1326.0,1396.0,1472.0,1558.0,1654.0,1776.0,1937.0,2190.0,2429.0,-999.0
2020-10-27,486.0,570.0,684.0,768.0,840.0,904.0,966.0,1026.0,1084.0,1142.0,1203.0,1265.0,1331.0,1401.0,1478.0,1564.0,1663.0,1783.0,1944.0,2199.0,2438.0,-999.0
2020-10-28,489.0,576.0,688.0,772.0,845.0,910.0,972.0,1033.0,1092.0,1150.0,1211.0,1273.0,1339.0,1409.0,1486.0,1571.0,1671.0,1792.0,1956.0,2210.0,2452.0,-999.0
2020-10-29,489.0,577.0,690.0,775.0,847.0,913.0,975.0,1035.0,1094.0,1155.0,1215.0,1278.0,1344.0,1413.0,1491.0,1577.0,1677.0,1799.0,1963.0,2219.0,2456.0,-999.0
2020-10-30,495.0,584.0,697.0,782.0,853.0,918.0,981.0,1041.0,1101.0,1161.0,1222.0,1285.0,1352.0,1423.0,1501.0,1588.0,1690.0,1813.0,1978.0,2235.0,2477.0,-999.0
2020-10-31,495.0,582.0,697.0,784.0,857.0,924.0,988.0,1048.0,1108.0,1167.0,1229.0,1292.0,1359.0,1430.0,1506.0,1594.0,1694.0,1818.0,1979.0,2240.0,2486.0,-999.0
2020-11-01,499.0,586.0,701.0,788.0,861.0,927.0,991.0,1052.0,1112.0,1171.0,1233.0,1296.0,1363.0,1434.0,1512.0,1599.0,1701.0,1823.0,1991.0,2248.0,2490.0,-999.0
2020-11-02,499.0,588.0,704.0,790.0,863.0,930.0,993.0,1055.0,1114.0,1175.0,1238.0,1301.0,1369.0,1441.0,1519.0,1608.0,1708.0,1833.0,1997.0,2260.0,2500.0,-999.0
2020-11-03,502.0,591.0,707.0,793.0,867.0,934.0,998.0,1059.0,1120.0,1181.0,1243.0,1309.0,1376.0,1448.0,1528.0,1617.0,1718.0,1843.0,2009.0,2273.0,2518.0,-999.0
2020-11-04,502.0,593.0,709.0,796.0,871.0,939.0,1004.0,1066.0,1127.0,1187.0,1249.0,1314.0,1382.0,1454.0,1533.0,1622.0,1725.0,1851.0,2018.0,2282.0,2532.024999999994,-999.0
2020-11-05,507.0,597.0,714.0,801.0,876.0,944.0,1008.0,1070.0,1131.0,1192.0,1254.0,1318.4500000000116,1387.0,1460.0,1539.0,1628.0,1731.0,1857.0,2026.0,2289.0,2543.0,-999.0
2020-11-06,507.0,597.0,715.0,803.0,880.0,948.0,1013.0,1075.0,1136.0,1197.0,1259.0,1325.0,1394.0,1467.0,1547.0,1638.0,1742.0,1869.0,2036.0,2302.0,2550.0,-999.0
2020-11-07,509.0,601.0,720.0,808.0,882.0,950.0,1014.0,1075.0,1137.0,1199.0,1263.0,1328.0,1398.0,1472.0,1553.0,1643.0,1747.0,1876.0,2046.0,2310.0,2565.0,-999.0
2020-11-08,512.0,602.0,721.0,809.0,885.0,953.0,1018.0,1081.0,1142.0,1205.0,1268.0,1334.0,1402.0,1476.0,1557.0,1648.0,1753.0,1881.0,2054.0,2323.0,2574.0,-999.0
